發信人: ycchou@TWserv (周以正), 信區: The228Case
標  題: [轉貼] 1937-1945 年臺灣銀行券發行總額
發信站: 台灣文化資訊站 (Tue Nov  5 22:42:55 1996)
轉信站: TWserv


資料來源: 行政院善後救濟總署臺灣分署經濟技正室編: 臺灣省主要經濟統計( 35 年 8 
          月), 第七十一頁。 

                                                           單位: 千圓

  年     平均發行額    平均限外發行額   通貨發行總額   定基指數    環比指數
 
 1937       83,569          34,522          118,091        100        －
 1938      110,852           2,024          112,895         96        96
 1939      143,068           7,287          150,356        127       133
 1940      175,015          27,434          202,449        171       181
 1941      199,604           8,910          208,515        177       103
 1942      247,290           8,008          255,298        216       122
 1943      317,210          47,201          364,403        309       143 
 1944      536,238         266,238          802,477        679       220 
 1945    1,568,392       1,298,392        2,866,784      2,428       357


--
子帥以正, 孰敢不正? 我!!




